1 古埃及人发现索特周期 -1 1 23
2 楔形文字出现 -1 1 23
3 玛雅历法创立 -1 1 23
4 克里特文明出现 -1 1 23
5 金字塔与狮身人面像建成 -1 1 23
6 汉莫拉比法典制订 -1 1 23
7 特洛伊战争 -1 1 23
8 第一届奥林匹克运动会举行 -1 1 23
9 空中花园和巴别塔的建造 -1 1 23
10 毕达哥拉斯定理的发现 -1 4 128
11 释迦摩尼诞生 -1 1 23
12 孔子诞生 -1 1 18
13 伯罗奔尼撒战争 4,7 1 128
14 苏格拉底被处死 -1 4 128
15 亚里士多德诞生 -1 1 23
16 亚历山大东征 6,9 1 128
17 几何原本问世 -1 15 128
18 阿基米德诞生 -1 10 23
19 秦始皇统一中国 -1 10 30
20 亚历山大图书馆建成 9,16 1 128
21 凯撒诞生 -1 11 25
22 屋大维被尊为奥古斯都 16,21 1 128
23 耶稣诞生 -1 11 26
24 罗马人攻占耶路撒冷 21,22,23 1 128
25 庞贝城毁于维苏威火山 -1 22 128
26 「上帝之鞭」阿提拉横扫欧洲 19 1 128
27 查士丁尼大帝关闭雅典学院 10,14,15 1 128
28 圣索菲亚大教堂建成 23,24 1 128
29 默罕默德诞生 -1 20 33
30 「古事记」发表 19 1 128
31 查理曼大帝加冕 22,23,26 1 128
32 最早的商人行会成立 4,22 1 128
33 「一千零一夜」发表 16,29 1 128
34 征服者威廉建立诺曼王朝 -1 31 128
35 第一次十字军东征占领耶路撒冷 23,24,29 1 128
36 博洛尼亚大学建立 -1 27 128
37 镰仓幕府创立 19,30 1 128
38 成吉思汗诞生 -1 20 42
39 但丁诞生 -1 20 46
40 马可·波罗游记发表 -1 34 128
41 欧洲黑死病大规模流行 25,26,32 1 128
42 贞德被处以火刑 31,34 1 128
43 达芬奇诞生 -1 20 50
44 君士坦丁堡陷落 24,28,35 1 128
45 玫瑰战争爆发 31,34 1 128
46 马丁路德诞生 -1 35 59
47 哥伦布发现新大陆 10,18,40 1 128
48 达伽马到达印度 1,10,17 1 128
49 马基雅维利发表「君主论」 -1 41 128 2
50 西班牙人灭亡印加帝国 3,4 1 128
51 哥白尼发表「天体运行论」 -1 36 128 2
52 莎士比亚诞生 -1 39 63
53 本能寺之变 37 1 128
54 无敌舰队覆灭 45,48,50 1 128
55 东印度公司创立 47,48 1 128
56 五月花号到达美洲 46,47,49 1 128
57 伽利略发表「对话」 -1 43 128
58 牛顿诞生 -1 39 59
59 克伦威尔就任护国主 54 1 128
60 「自然哲学的数学原理」发表 -1 57 128
61 彼得大帝亲政 38,54 1 128
62 伏尔泰诞生 -1 45 69
63 巴赫发表「赋格的艺术」 -1 52 128
64 百科全书出版 43,62 1 128
65 拿破仑诞生 -1 54 73
66 瓦特发明蒸汽机 -1 60 128
67 独立宣言发表 56,62 1 128
68 「解放者」玻利瓦尔诞生 -1 56 80
69 法国大革命爆发 42,62,64 1 128
70 人权宣言发表 69 1 128
71 歌德发表「浮士德」 -1 69 128
72 马克思诞生 -1 61 84
73 滑铁卢战役 65 1 128
74 贝多芬发表「合唱」 -1 63 128
75 斯蒂文森发明蒸汽机车 66 1 128
76 鸦片战争爆发 47,48 1 128
77 黎曼在哥丁根发表演讲，创立黎曼几何 -1 71 128
78 美国西部淘金热 56,67 1 128
79 达尔文发表「物种起源」 -1 70 128
80 南北战争爆发 50,56 1 128
81 俾斯麦就任普鲁士首相 31,49 1 128
82 林肯发表「废奴宣言」 70,80 1 128
83 日本明治维新 53,76 1 128
84 巴黎公社成立 72,81 1 128
85 可口可乐诞生 -1 78 128
86 埃菲尔铁塔建成 69,73 1 128
87 希特勒诞生 -1 81 101
88 巴甫洛夫发表神经反射理论 -1 79 128
89 电影出现 -1 77 128
90 开尔文勋爵的讲演 75 1 128
91 弗洛伊德出版「梦的解析」 -1 81 128
92 莱特兄弟发明飞机 -1 85 128
93 托尔斯泰去世 -1 84 99
94 辛亥革命爆发 76,83 1 128
95 泰坦尼克沉没 78,86,89 1 128
96 第一次世界大战 72,81,84 1 128
97 相对论的提出 -1 77 128
98 量子力学的创立 -1 90 128
99 十月革命爆发 61,93,96 1 128
100 弗莱明发明盘尼西林 -1 96 128
101 大萧条爆发 95,96 1 128
102 第二次世界大战 83,87 1 128
103 太平洋战争爆发 102 1 128
104 苏联卫国战争 99,102 1 128
105 诺曼底登陆 96,102 1 128
106 曼哈顿计划 -1 97 128
107 原子弹在广岛爆炸 103,106 1 128
108 阿兰·图灵创立人工智能学说 -1 100 128
109 第一台电子计算机诞生 -1 98 128
110 以色列建国 103,106 1 128
111 DNA双螺旋结构被发现 -1 107 128
112 苏联发射第一颗卫星 -1 106 128
113 尤里·加加林首次进入太空 -1 112 128
114 古巴导弹危机 104,112 1 128
115 布拉格之春 112,114 1 128
116 阿波罗号登月 -1 109 128
117 约翰·列侬遇刺 -1 110 122
118 互联网诞生 -1 109 128
119 「星球大战」计划启动 101,116 1 128
120 挑战者号失事 113,119 1 128
121 苏东剧变 114,115,119 1 128
122 海湾战争爆发 110,121 1 128
123 纳尔逊·曼德拉就任南非总统 82 1 128
124 复制羊「多利」诞生 -1 111 128
125 千禧年 -1 120 128
126 911事件 110,122,125 1 128
127 北京举办奥运会 118,121,125 1 128
128 奥巴马就任美国总统 82,126 1 128